version https://git-lfs.github.com/spec/v1
oid sha256:5d1a07ae48b432da10301eb4ccc25f565c2181a0e9b78dc6f68c90bdc0def2a7
size 4378
