version https://git-lfs.github.com/spec/v1
oid sha256:f373fa01afd5a15be930256260f430360f1803dfa78703f327b9ad455cf6ed96
size 12223
